DO01 393600.4282 5707769.6312 139.3626
DO02 393604.1469 5707829.9000 137.4831
DO03 393542.3315 5707828.7462 137.8015
DO04 393544.2812 5707771.9219 139.5975
DO05 393555.9701 5707802.4455 138.5046
DO06 393584.9001 5707800.3597 138.3962
DO07 393456.9833 5707767.8794 139.8161
DO08 393430.8436 5707845.2911 136.8806

G01 393594.0301 5707777.6543 139.0747
G03 393595.6454 5707800.0301 138.3513
G04 393596.4284 5707811.1959 137.9635
G05 393597.2609 5707822.3909 137.5853
G06 393586.1424 5707823.1826 137.6217
G07 393574.9213 5707824.0073 137.6554
G08 393563.7505 5707824.8292 137.6855
G09 393552.5834 5707825.5986 137.7354
G10 393551.7866 5707814.4389 138.1007
G11 393550.1658 5707792.0987 138.8864
G12 393549.3658 5707780.9198 139.2578
G13 393560.4954 5707780.1097 139.2306
G14 393571.7175 5707779.3199 139.1731
G15 393582.8795 5707778.5116 139.1352
G16 393583.6902 5707789.6744 138.7647
G17 393585.3069 5707811.9954 138.0040
G18 393562.9515 5707813.6344 138.0855
G19 393561.3193 5707791.2902 138.8582
