DO01 393600.4282 5707769.6312 93.5936
DO02 393604.1469 5707829.9000 91.7141
DO03 393542.3315 5707828.7462 92.0325
DO04 393544.2812 5707771.9219 93.8285
DO05 393555.9701 5707802.4455 92.7356
DO06 393584.9001 5707800.3597 92.6272
DO07 393456.9833 5707767.8794 94.0471
DO08 393430.8436 5707845.2911 91.1116
G01  393594.0301 5707777.6543 93.3057
G03  393595.6454 5707800.0301 92.5823
G04  393596.4284 5707811.1959 92.1945
G05  393597.2609 5707822.3909 91.8163
G06  393586.1424 5707823.1826 91.8527
G07  393574.9213 5707824.0073 91.8864
G08  393563.7505 5707824.8292 91.9165
G09  393552.5834 5707825.5986 91.9664
G10  393551.7866 5707814.4389 92.3317
G11  393550.1658 5707792.0987 93.1174
G12  393549.3658 5707780.9198 93.4888
G13  393560.4954 5707780.1097 93.4616
G14  393571.7175 5707779.3199 93.4041
G15  393582.8795 5707778.5116 93.3662
G16  393583.6902 5707789.6744 92.9957
G17  393585.3069 5707811.9954 92.2350
G18  393562.9515 5707813.6344 92.3165